$ 1 0.000005 2.008553692318767 34 5 43 5e-11
r 400 96 400 240 0 40
w 400 96 352 96 0
w 400 240 352 240 0
w 400 96 400 64 0
w 400 240 400 272 0
w 400 272 400 352 0
w 400 352 352 352 0
r 400 352 400 496 0 4
w 400 496 352 496 0
w 400 496 608 576 0
w 608 576 832 496 0
r 832 496 832 352 0 1000
w 832 496 896 496 0
w 832 352 896 352 0
w 400 272 736 272 0
w 640 64 832 64 0
w 640 64 400 64 0
v 640 0 640 64 0 0 40 23 0 0 0.5
w 640 0 272 0 0
w 272 0 272 576 0
w 608 576 272 576 0
g 608 576 608 640 0 0
t 736 272 832 272 0 1 -20.8944015218286 0.6055041111019168 100 default
w 832 288 832 352 0
r 832 64 832 160 0 10
w 832 160 832 208 0
w 832 256 832 208 0
w 736 272 672 320 0
w 736 272 672 224 0
w 832 288 896 288 0
w 832 256 896 256 0
p 896 256 896 288 3 0 0 10000000
p 896 352 896 496 3 0 0 10000000
p 352 96 352 240 3 0 0 10000000
p 352 352 352 496 3 0 0 10000000
p 768 144 672 224 3 0 0 10000000
p 672 320 736 400 3 0 0 10000000
w 768 144 832 208 0
w 736 400 832 352 0
