$ 1 0.000005 2.008553692318767 34 5 43 5e-11
v 240 480 240 368 0 0 40 5 0 0 0.5
w 240 480 896 480 0
370 240 368 240 112 3 0 0
w 240 112 384 112 0
w 384 112 384 32 0
w 384 112 384 192 0
r 384 192 560 192 0 2
r 384 112 512 112 0 1000
r 384 32 560 32 0 6
w 560 192 560 112 0
w 560 112 560 32 0
w 560 112 896 112 0
w 896 112 896 176 0
w 896 176 816 176 0
w 896 176 976 176 0
w 896 384 816 384 0
w 896 384 976 384 0
r 976 384 976 176 0 12
r 816 384 816 288 0 8
370 816 288 816 176 3 0 0
370 512 112 560 112 3 0 0
g 240 480 240 544 0 0
w 896 480 896 384 0
